[2, 11, 14, 64, 91, 140, 163]
[4, 26, 38, 46, 57, 66, 69, 75, 97, 104, 126, 131, 134, 138, 158, 161, 173]
[5, 9, 11, 17, 34, 40, 61, 65, 77, 80, 85, 92, 111, 117, 130, 133, 150, 155, 157]
[2, 13, 23, 26, 29, 46, 60, 63, 72, 87, 89, 95, 99, 101, 108, 115, 121, 124, 126, 131, 135, 143, 147, 151, 153, 161, 165, 167, 169, 176, 178, 182, 184, 187, 189, 191, 194, 199, 201, 204, 207, 212, 216, 219, 222, 226, 229, 232, 234, 236, 238, 240, 243, 245, 249, 251, 253]
[5, 9, 12, 17, 49, 57, 64, 69, 86, 94, 97, 104, 107, 138, 150, 158]
[29, 34, 40, 43, 46, 52, 61, 63, 66, 76, 81, 83, 87, 89, 98, 100, 102, 105, 108, 114, 119, 121, 123, 126, 129, 131, 134, 137, 140, 142, 146, 148, 152, 157, 159, 163, 165, 171, 173, 175, 177, 180, 182, 184, 186, 188, 190, 195, 197, 199, 201, 204, 207, 209, 211, 214, 216, 218, 223, 226, 229, 231, 234, 237, 240, 242, 245, 247, 249, 251, 254]
[9, 57, 65, 68, 73, 75, 77, 92, 97, 104, 107, 130, 133, 135, 139, 151, 161, 174]
[5, 28, 61, 63, 69, 81, 85, 103, 115, 138, 150]
[17, 26, 29, 35, 43, 46, 54, 64, 66, 68, 70, 72, 75, 77, 83, 88, 92, 95, 97, 100, 104, 106, 114, 117, 120, 123, 125, 127, 129, 131, 137, 139, 141, 143, 145, 147, 149, 151, 156, 158, 161, 163, 166, 168, 171, 173, 175, 177, 179, 182, 184, 188, 190, 192, 194, 196, 199, 201, 203, 205, 207, 210, 213, 215, 219, 221, 223, 226, 231, 233, 236, 239, 242, 244, 247, 249, 251, 254]
[1, 5, 9, 12, 40, 47, 51, 57, 62, 65, 69, 73, 115, 126, 138, 150]
[17, 23, 29, 35, 63, 77, 80, 86, 90, 127, 161]
[5, 36, 46, 52, 62, 65, 84, 87, 95, 97, 109, 117, 121, 124, 134, 143, 154, 156, 158, 165, 168, 172, 176, 179, 181, 184, 187, 189, 192, 194, 196, 198, 200, 203, 208, 212, 214, 216, 219, 223, 225, 228, 232, 234, 237, 239, 242, 245, 248, 250, 252]
[28, 35, 40, 48, 64, 66, 68, 76, 85, 92, 104, 111, 116, 126, 136, 138, 150, 153]
[4, 9, 23, 29, 34, 43, 65, 74, 81, 96, 107, 109, 115, 117, 120, 122, 128, 130, 132, 134, 137, 142, 145, 149, 156, 159, 162, 165, 167, 169, 173, 175, 177, 180, 183, 185, 189, 191, 193, 195, 197, 201, 203, 206, 209, 212, 214, 217, 219, 221, 223, 226, 229, 233, 236, 239, 242, 244, 246, 249, 251, 254]
[11, 40]
[17, 24, 38, 43, 46, 73, 76, 81, 93, 103, 109, 115, 118, 122, 124, 128, 147, 159, 164, 173, 177, 182, 185, 189]
[2, 10, 13, 16, 18, 20, 25, 28, 31, 34, 36, 51, 54, 60, 64, 67, 71, 77, 80, 84, 89, 95, 99, 102, 107, 110, 126, 131, 140, 143, 150, 155, 158, 169]
[6, 33, 39, 42, 66, 70, 74, 79, 83, 98, 105, 109, 111, 115, 120, 123, 128, 134, 149, 152, 161, 163, 165, 172, 183, 190, 197, 200, 206, 208, 210, 214, 216, 222, 224, 228, 231, 235, 239, 242, 244, 247, 249, 252, 254]
[2, 14, 17, 21, 25, 30, 37, 40, 44, 47, 50, 56, 59, 73, 77, 86, 89, 93, 96, 100, 102, 112, 118, 133, 137, 145, 153, 158, 169, 174]
[4, 34, 45, 51, 55, 57, 61, 68, 70, 75, 79, 83, 87, 95, 105, 108, 120, 123, 134, 148, 155, 161, 163, 166, 171]
[2, 10, 20, 47, 50, 65, 72, 81, 85, 90, 94, 96, 104, 110, 118, 121, 126, 140, 153, 159, 170, 186]
[14, 30, 34, 42, 45, 57, 60, 78, 83, 95, 98, 114, 122, 124, 127, 129, 131, 134, 137, 144, 147, 150, 155, 164, 167, 173, 247, 253]
[6, 17, 21, 24, 28, 32, 38, 41, 49, 54, 58, 63, 67, 70, 76, 80, 86, 97, 100, 108, 110, 112, 115, 126, 141, 157, 161, 172]
[29, 34, 47, 51, 56, 61, 78, 82, 87, 94, 104, 121, 125, 132, 138, 143, 154, 162, 165, 170, 174, 177, 194, 197, 201, 204, 206, 209, 211, 213, 215, 217, 220, 222, 224, 226, 228, 230, 233, 236, 239, 241, 243, 245, 250, 252, 254]
[4, 25, 40, 71, 86, 97, 102, 106, 119, 135, 141, 147, 150, 153, 157, 159, 161, 167, 172]
[20, 23, 29, 38, 43, 46, 51, 55, 64, 69, 72, 79, 81, 89, 94, 100, 103, 111, 114, 121, 126, 130, 134, 137, 144, 169, 173, 177, 190, 198, 200, 203, 205, 207, 210, 212, 214, 216, 218, 220, 222, 224, 227, 229, 232, 235, 237, 240, 243, 246, 248, 253]
[4, 12, 31, 34, 39, 49, 60, 63, 85, 87, 92, 96, 102, 105, 108, 113, 117, 124, 128, 138, 142, 146, 154, 157, 162, 164, 171]
[11, 23, 29, 32, 36, 41, 46, 67, 75, 83, 88, 93, 98, 101, 104, 107, 115, 119, 123, 133, 136, 144, 149, 165, 168, 173, 180, 182, 186, 188, 191, 194, 196, 199, 202, 205, 211, 214, 217, 219, 222, 225, 228, 230, 232, 234, 237, 239, 241, 243, 245, 247, 249, 251, 253]
[26, 31, 38, 43, 58, 61, 69, 76, 82, 91, 95, 100, 109, 126, 131, 151, 154, 157, 174]
[3, 6, 14, 16, 20, 29, 45, 48, 60, 66, 73, 77, 80, 86, 88, 107, 113, 119, 127, 132, 139, 142, 149, 163, 166, 172, 177, 179, 182, 190, 192, 195, 197, 199, 201, 205, 207, 209, 211, 213, 215, 218, 220, 222, 225, 228, 231, 235, 237, 242, 244, 247, 249, 251]
[12, 18, 27, 31, 35, 40, 43, 47, 54, 62, 64, 67, 74, 78, 84, 94, 99, 105, 111, 116, 120, 125, 134, 137, 146, 153, 156]
[11, 14, 23, 48, 50, 57, 60, 75, 80, 108, 130, 138, 154, 157, 160, 164, 170, 177, 179, 181, 183, 185, 188, 191, 193, 196, 199, 201, 203, 208, 212, 214, 216, 218, 220, 224, 226, 228, 230, 232, 234, 236, 238, 241, 243, 245, 247, 251]
[3, 6, 16, 20, 29, 34, 38, 46, 53, 58, 66, 73, 86, 90, 93, 99, 102, 109, 113, 115, 119, 126, 133, 137, 144, 146, 169]
[25, 37, 44, 69, 84, 88, 94, 97, 105, 117, 135, 148, 150, 158, 162, 168, 238, 253]
[11, 17, 23, 27, 29, 32, 35, 41, 43, 46, 50, 53, 57, 64, 75, 78, 81, 89, 92, 101, 104, 106, 108, 128, 130, 138, 142, 155, 160, 171, 181, 185, 190, 192, 202, 205, 207, 214, 216, 220, 223, 225, 227, 229, 231, 240, 242, 251]
[2, 7, 9, 12, 62, 79, 82, 86, 88, 91, 100, 110, 115, 119, 124, 145, 150, 158, 163, 166, 170]
[30, 37, 40, 74, 77, 97, 118, 121, 126, 131, 133, 147, 149, 152, 155, 159, 179, 181, 184, 187, 189, 191, 193, 200, 203, 206, 208, 212, 215, 218, 221, 223, 225, 227, 230, 233, 236, 240, 242, 245, 247, 250, 254]
[6, 9, 17, 28, 43, 117]
[12, 14, 23, 31, 34, 37, 40, 46, 54, 57, 59, 65, 67, 80, 88, 106, 116, 121, 132, 140, 143, 155, 158, 163, 170]
[6, 15, 18, 20, 28, 39, 43, 48, 50, 55, 63, 69, 73, 76, 81, 84, 87, 90, 95, 101, 104, 109, 112, 123, 125, 128, 136, 139, 142, 144, 149, 151, 153, 159, 162, 168, 173, 183, 185, 187, 191, 194, 196, 199, 202, 204, 206, 209, 211, 213, 215, 218, 221, 223, 226, 230, 232, 236, 238, 241, 246, 249, 252]
[2, 8, 11, 41, 46, 58, 65, 67, 70, 86, 91, 96, 115, 117, 121, 147, 152, 155, 166]
[10, 17, 25, 31, 34, 39, 47, 51, 57, 64, 69, 88, 93, 103, 108, 113, 123, 127, 130, 134, 139, 145, 150, 153, 161, 170, 172]
[12, 28, 38, 41, 46, 53, 66, 70, 79, 83, 86, 91, 104, 110, 116, 129, 149, 158, 164, 168, 179, 181, 184, 188, 190, 192, 194, 196, 201, 203, 205, 207, 211, 213, 215, 218, 220, 224, 226, 228, 230, 233, 235, 238, 241, 244, 247, 249, 252, 254]
[11, 23, 42, 49, 61, 74, 96, 99, 117, 122, 126, 132, 140, 145, 147, 172]
[8, 17, 27, 39, 64, 70, 73, 78, 92, 107, 110, 116, 118, 123, 134, 137, 151, 153, 163]
[25, 35, 40, 46, 50, 53, 57, 61, 77, 81, 85, 90, 120, 132, 139, 144, 146, 150, 169]
[2, 12, 14, 29, 39, 62, 65, 69, 76, 87, 96, 98, 103, 111, 114, 116, 124, 128, 130, 134, 136, 142, 153, 160, 166, 170, 172, 179, 181, 183, 186, 188, 191, 195, 197, 201, 203, 206, 208, 210, 216, 219, 222, 225, 228, 230, 232, 236, 238, 240, 242, 244, 247, 249, 251, 253]
[17, 23, 27, 42, 46, 52, 58, 68, 74, 81, 89, 93, 104, 108, 123, 132, 139, 145, 152, 159, 162]
[31, 34, 54, 70, 73, 76, 80, 86, 91, 117, 122, 125, 138, 147, 150, 154, 158, 161, 167, 171]
[7, 20, 23, 29, 38, 46, 49, 51, 53, 72, 77, 88, 92, 96, 99, 110, 115, 127, 132, 134, 178, 180, 182, 184, 186, 190, 193, 196, 198, 200, 202, 204, 207, 211, 214, 216, 218, 221, 223, 226, 228, 231, 233, 235, 240, 243, 245, 248, 251, 254]
[2, 11, 69, 85, 87, 94, 102, 107, 120, 130, 138, 149]
[16, 20, 28, 35, 38, 46, 50, 57, 62, 68, 73, 81, 89, 92, 97, 101, 103, 111, 114, 117, 127, 132, 134, 139, 173]
[4, 11, 17, 25, 31, 39, 43, 69, 83, 106, 109, 116, 121, 125, 131, 138, 144, 146, 153, 155, 157, 162, 165, 168, 178, 180, 182, 184, 188, 190, 192, 194, 196, 198, 201, 203, 205, 207, 209, 212, 214, 217, 219, 221, 223, 225, 227, 230, 232, 237, 239, 242, 245, 247, 249, 253]
[28, 34, 38, 57, 80, 93, 127, 133, 150, 159, 172]
[35, 41, 46, 69, 81, 104, 173]
[17, 23, 42, 49, 51, 58, 61, 63, 65, 68, 70, 73, 85, 92, 98, 100, 103, 108, 115, 118, 122, 124, 127, 131, 133, 138, 143, 147, 154, 157, 161, 163, 166, 168, 171, 175, 178, 181, 184, 187, 190, 192, 194, 197, 200, 202, 205, 207, 209, 211, 213, 215, 218, 221, 225, 229, 232, 235, 237, 241, 244, 246, 248, 251, 253]
[8, 41, 82, 164, 172]
[6, 23, 31, 34, 40, 46, 71, 77, 92, 150, 157]
[10, 15, 48, 58, 69, 76, 98, 103, 110, 121, 126, 138, 143, 145, 152, 155, 160, 165, 167, 170, 174, 177, 181, 183, 186, 188, 192, 195, 197, 200, 205, 207, 210, 212, 214, 217, 220, 223, 226, 228, 230, 233, 235, 237, 240, 245, 247, 249, 251]
[]
[9, 16, 20, 23, 25, 28, 31, 36, 41, 43, 45, 48, 50, 52, 58, 68, 71, 74, 78, 80, 84, 87, 89, 91, 95, 99, 101, 105, 107, 112, 114, 117, 122, 130, 134, 137, 139, 141, 153, 157, 160, 163, 168, 173]
[2, 15, 34, 60, 69, 90, 93, 98, 119, 123, 132, 146, 149, 155, 170]
[6, 12, 16, 18, 20, 24, 28, 32, 39, 42, 44, 63, 67, 72, 78, 83, 85, 88, 91, 100, 111, 117, 125, 128, 138, 142, 147, 158, 166, 169, 178, 181, 185, 187, 196, 200, 203, 207, 211, 213, 215, 217, 220, 226, 228, 233, 235, 237, 240, 242, 245, 248, 250, 253]
[1, 9, 25, 48, 96, 104, 106, 114, 144, 164]
[4, 11, 16, 19, 23, 30, 41, 44, 47, 51, 53, 56, 61, 70, 75, 80, 84, 95, 99, 108, 115, 117, 122, 129, 132, 138, 150, 153, 157, 167, 171, 178, 186, 189, 192, 196, 198, 200, 202, 204, 206, 208, 211, 214, 217, 220, 223, 226, 229, 231, 233, 235, 237, 239, 242, 244, 246, 248, 251, 253]
[20, 29, 34, 58, 65, 68, 73, 78, 90, 113, 120, 123, 127, 135, 144, 155, 161, 172]
[9, 14, 17, 25, 28, 46, 50, 53, 56, 75, 80, 84, 94, 97, 102, 105, 112, 115, 117, 125, 128, 134, 136, 138, 146, 152, 157, 168]
[1, 4, 8, 16, 18, 26, 32, 35, 37, 41, 43, 48, 72, 79, 99, 108, 119, 124, 140, 143, 160, 163, 165, 170, 188, 190, 193, 196, 199, 201, 203, 208, 210, 212, 215, 217, 220, 222, 225, 227, 229, 231, 235, 238, 240, 242, 244, 247, 249, 251, 254]
[17, 19, 53, 57, 66, 75, 86, 88, 94, 97, 102, 107, 109, 113, 117, 121, 125, 136, 138, 149, 151, 158, 164, 173]
[11, 18, 23, 27, 30, 32, 41, 55, 63, 67, 69, 73, 79, 83, 91, 96, 98, 100, 108, 115, 120, 124, 130, 135, 147, 155, 157, 161, 167, 171]
[4, 7, 15, 20, 28, 39, 42, 46, 51, 62, 76, 78, 82, 88, 94, 99, 101, 104, 109, 119, 123, 126, 129, 133, 136, 140, 151, 174, 177, 180, 183, 186, 190, 192, 194, 196, 199, 202, 204, 207, 209, 212, 214, 218, 220, 224, 227, 229, 231, 233, 236, 239, 241, 245, 249, 251, 254]
[16, 18, 23, 29, 35, 38, 40, 49, 54, 57, 64, 90, 97, 111, 113, 115, 120, 128, 130, 139, 143, 146, 148, 159, 163, 167]
[30, 33, 43, 52, 61, 66, 69, 72, 76, 81, 83, 89, 93, 95, 102, 105, 108, 114, 123, 125, 127, 131, 142, 144, 149, 154, 161, 171]
[3, 9, 18, 27, 29, 41, 49, 53, 58, 75, 78, 82, 85, 87, 91, 99, 118, 133, 138, 150, 156]
[11, 26, 35, 46, 52, 61, 72, 80, 83, 86, 89, 96, 101, 104, 108, 111, 113, 116, 127, 131, 139, 143, 145, 159, 163, 166]
[6, 10, 16, 23, 28, 34, 40, 43, 57, 62, 69, 73, 95, 115, 137, 147, 151, 160, 165, 173]
[8, 18, 50, 65, 76, 78, 81, 87, 92, 98, 101, 104, 114, 121, 126, 130, 134, 138, 141, 146, 149, 152, 156, 158, 171, 176, 178, 181, 184, 187, 190, 193, 196, 199, 201, 204, 206, 210, 212, 214, 216, 218, 220, 222, 225, 228, 233, 235, 238, 240, 243, 245, 248, 250, 252]
[11, 17, 33, 46, 54, 58, 102, 107, 118, 132, 151, 159, 164, 167, 173]
[8, 16, 23, 40, 42, 47, 50, 57, 69, 81, 91, 96, 101, 103, 111, 115, 121, 124, 138, 146, 161, 165, 168, 170]
[6, 19, 28, 35, 61, 85, 93, 106, 120, 126, 131, 150, 173, 179, 186, 195, 197, 201, 204, 206, 209, 212, 214, 218, 222, 224, 227, 229, 232, 234, 237, 239, 244, 246]
[2, 23, 26, 30, 42, 46, 50, 63, 69, 81, 84, 92, 97, 99, 116, 122, 127, 144, 157, 169, 172, 174, 178, 180, 182, 184, 188, 191, 193, 196, 198, 203, 207, 210, 215, 220, 223, 226, 228, 231, 233, 236, 238, 241, 243, 245, 247, 249, 251, 253]
[34, 58, 104, 137, 150, 153, 160]
[4, 7, 12, 15, 19, 26, 29, 31, 36, 38, 41, 48, 53, 56, 60, 66, 78, 85, 98, 117, 123, 175]
[35, 54, 81, 87, 113, 125, 133, 176, 179, 181, 185, 189, 191, 193, 195, 198, 200, 202, 204, 206, 209, 213, 216, 218, 220, 222, 228, 230, 233, 235, 237, 239, 241, 243, 246, 249, 251, 254]
[2, 15, 31, 33, 42, 44, 47, 50, 57, 62, 67, 72, 74, 80, 83, 90, 94, 98, 101, 105, 109, 114, 119, 122, 130, 137, 142, 148, 152, 156, 159, 161, 164, 169, 174]
[9, 13, 16, 19, 23, 27, 32, 34, 39, 46, 53, 64, 70, 85, 89, 115, 117, 127, 133, 147, 162, 171, 179, 181, 185, 187, 190, 192, 194, 197, 199, 201, 203, 205, 208, 210, 213, 215, 217, 219, 221, 223, 227, 229, 232, 235, 238, 240, 242, 244, 247, 249, 251, 254]
[6, 10, 43, 60, 67, 77, 83, 88, 90, 92, 97, 101, 103, 106, 113, 118, 120, 131, 137, 145, 148, 153, 163, 167]
[31, 35, 46, 55, 63, 69, 91, 109, 112, 124, 136, 138, 143, 157, 161, 166, 168]
[10, 16, 20, 37, 39, 61, 66, 80, 85, 88, 104, 107, 115, 126, 140, 149, 155, 169, 171, 175, 179, 181, 185, 189, 192, 194, 196, 199, 201, 203, 205, 207, 210, 214, 216, 220, 223, 225, 228, 231, 233, 235, 237, 239, 241, 245, 249, 252]
[26, 29, 35, 40, 43, 54, 58, 75, 78, 98, 100, 102, 139, 141, 148, 150, 154, 157, 172]
[14, 17, 23, 46, 57, 62, 65, 69, 81, 92, 106, 112, 114, 117, 126, 128, 132, 134, 138, 151, 153, 168, 174]
[6, 15, 19, 27, 29, 31, 35, 39, 51, 54, 59, 78, 83, 86, 93, 96, 98, 102, 105, 107, 110, 118, 123, 127, 135, 140, 142, 146, 148, 154, 156, 158, 161, 164, 171, 173, 175, 177, 179, 182, 186, 189, 191, 194, 196, 201, 204, 206, 208, 210, 213, 215, 218, 221, 223, 227, 230, 234, 236, 238, 240, 243, 245, 248, 251, 254]
[12, 18, 21, 28, 32, 38, 50, 52, 55, 58, 62, 64, 66, 69, 73, 82, 85, 87, 89, 95, 97, 99, 108, 116, 120, 122, 126, 137, 139, 143, 149, 157, 159, 166, 170, 172, 174, 199, 205]
[41, 80, 83, 92, 115, 119, 124, 127, 130, 134, 140, 160, 162, 173]
[9, 12, 15, 17, 23, 34, 42, 53, 57, 62, 65, 75, 78, 82, 88, 98, 103, 107, 109, 111, 113, 116, 126, 129, 133, 137, 150, 153, 156, 161]
[2, 8, 11, 19, 21, 27, 46, 60, 90, 106, 115, 132, 149, 165]
[61, 69, 73, 76, 78, 81, 92, 96, 98, 104, 109, 116, 119, 123, 130, 133, 136, 138, 140, 145, 152, 154, 156, 160, 162, 164, 166, 168, 172, 174, 178, 180, 184, 187, 189, 191, 193, 196, 200, 202, 204, 206, 210, 213, 215, 217, 220, 222, 225, 228, 232, 234, 237, 241, 243, 245, 247, 249, 252, 254]
[5, 11, 17, 23, 25, 28, 30, 40, 46, 51, 56, 64, 67, 75, 77, 115, 126, 137, 139, 150, 153, 157]
[2, 81, 89, 92, 108, 125, 129, 132, 149, 151, 158, 161, 163]
[19, 35, 53, 65, 69, 76, 84, 97, 100, 103, 106, 110, 115, 122, 127, 131, 133, 135, 138, 140, 147, 157, 159, 162, 165, 167, 169, 171, 173, 176, 178, 180, 184, 187, 190, 192, 194, 197, 201, 203, 206, 209, 211, 213, 215, 218, 222, 224, 228, 232, 234, 236, 239, 241, 244, 248, 250, 253]
[7, 18, 23, 46, 136, 150, 161]
[2, 6, 26, 28, 30, 38, 40, 50, 52, 58, 63, 73, 81, 84, 92, 96, 99, 104, 107, 109, 111, 113, 117, 121, 123, 126, 129, 132, 135, 138, 142, 145, 149, 154, 157, 160, 162, 165, 167, 169, 173, 177, 180, 182, 185, 188, 190, 193, 195, 197, 201, 204, 207, 210, 212, 214, 216, 218, 220, 222, 226, 228, 230, 234, 237, 241, 244, 247, 249, 252]
[12, 16, 19, 35, 69, 115]
[7, 23, 48, 74, 81, 84, 94, 97, 103, 108, 110, 119, 121, 130, 132, 136, 141, 150, 152, 167, 173, 176, 179, 181, 185, 188, 190, 194, 196, 198, 203, 207, 210, 212, 216, 220, 225, 228, 231, 233, 235, 238, 241, 244, 254]
[2, 16, 46, 57, 60, 92, 104, 116, 127, 146, 161, 172]
[182, 188, 190, 196, 198, 201, 206, 209, 211, 215, 217, 220, 222, 224, 228, 230, 234, 236, 238, 240, 245, 248, 254]
[4, 9, 12, 28, 30, 34, 38, 43, 51, 55, 59, 61, 74, 80, 89, 92, 97, 102, 106, 113, 121, 124, 133, 137, 139, 142, 145, 148, 150, 154, 158, 163, 166, 168, 171, 177, 179, 181, 189]
[2, 6, 8, 11, 13, 18, 21, 23, 25, 33, 45, 49, 60, 64, 66, 69, 77, 84, 88, 93, 100, 111, 115, 117, 123, 126, 131, 134, 147, 156, 170]
[4, 10, 15, 48, 62, 94, 102, 110, 124, 128, 136, 140, 149, 162, 167, 173, 177, 195, 197, 199, 203, 206, 209, 214, 217, 219, 221, 223, 226, 229, 233, 236, 238, 240, 244, 246, 250, 253]
[2, 11, 25, 27, 30, 34, 38, 41, 50, 64, 68, 75, 81, 84, 86, 91, 93, 96, 100, 105, 112, 118, 122, 135, 143, 148, 150, 157, 165, 170, 175]
[4, 12, 21, 26, 32, 35, 46, 53, 56, 62, 66, 72, 79, 83, 88, 94, 107, 117, 125, 134, 136, 140, 146, 152, 156, 163, 173]
[2, 15, 27, 39, 42, 47, 50, 54, 67, 75, 82, 84, 92, 100, 103, 108, 113, 116, 124, 128, 132, 138, 149, 158, 166, 198, 200, 202, 205, 207, 209, 211, 213, 216, 218, 220, 225, 227, 229, 233, 236, 238, 241, 243, 245, 247, 249, 253]
[4, 10, 19, 23, 25, 31, 38, 53, 57, 60, 64, 68, 83, 91, 96, 104, 120, 135, 142, 146, 152, 161, 163, 168, 171, 177, 182, 193, 196, 199, 206, 210, 239]
[15, 21, 36, 50, 55, 62, 67, 71, 80, 84, 88, 103, 107, 109, 112, 115, 133, 140, 150, 154, 157, 166, 173]
[2, 5, 10, 19, 26, 33, 39, 45, 51, 54, 65, 73, 78, 81, 87, 91, 101, 104, 113, 118, 120, 123, 125, 130, 137, 142, 145, 156, 162, 165, 194, 197, 200, 202, 205, 208, 210, 212, 214, 217, 220, 223, 226, 230, 232, 235, 237, 240, 242, 245, 247, 250, 252, 254]
[3, 31, 35, 38, 41, 43, 52, 58, 62, 75, 85, 100, 110, 128, 133, 139, 148, 153, 160, 166, 171]
[28, 48, 50, 53, 60, 69, 78, 84, 95, 98, 101, 105, 112, 123, 132, 137, 141, 143, 146, 150, 158, 163, 178]
[10, 41, 54, 58, 66, 72, 75, 80, 82, 93, 111, 115, 119, 122, 129, 133, 152, 157, 170, 172, 177, 179]
[4, 20, 30, 35, 45, 56, 62, 64, 76, 83, 96, 112, 120, 136, 149, 154, 165, 169, 180, 183, 186, 190, 193, 195, 197, 200, 203, 205, 207, 210, 212, 216, 218, 220, 222, 224, 227, 230, 233, 236, 239, 241, 243, 246, 248, 251, 254]
[5, 8, 12, 15, 21, 23, 26, 36, 38, 51, 54, 58, 65, 74, 82, 87, 91, 99, 105, 107, 109, 121, 123, 127, 131, 134, 141, 163, 171]
[4, 9, 11, 14, 18, 29, 32, 39, 47, 57, 60, 69, 78, 81, 84, 89, 95, 103, 126, 135, 145, 150, 153, 157, 159, 167, 174]
[12, 15, 35, 37, 43, 51, 59, 64, 92, 106, 115, 134, 137, 142, 148, 161, 164, 171]
[4, 6, 11, 26, 46, 49, 57, 69, 76, 83, 99, 104, 118, 122, 124, 128, 132, 135, 143, 146, 149, 157, 160, 165, 169]
[15, 23, 35, 40, 47, 71, 75, 78, 81, 85, 87, 91, 95, 97, 102, 108, 113, 115, 119, 121, 134, 138, 148, 150, 153, 172, 175, 179, 181, 184, 187, 190, 192, 195, 198, 200, 202, 205, 208, 211, 215, 217, 219, 221, 224, 226, 229, 232, 235, 238, 242, 244, 246, 249, 251, 253]
[5, 17, 30, 38, 46, 60, 82, 86, 116, 118, 124, 133, 136, 141, 152, 157, 166, 168]
[4, 6, 9, 22, 40, 44, 51, 54, 57, 63, 65, 74, 76, 78, 80, 83, 87, 90, 92, 95, 97, 103, 105, 107, 109, 112, 114, 120, 123, 126, 132, 134, 143, 146, 148, 153, 155, 159, 163, 165, 176, 178, 181, 184, 186, 189, 191, 194, 198, 201, 203, 205, 208, 210, 213, 215, 217, 219, 223, 226, 229, 231, 233, 237, 240, 242, 245, 248, 252]
[5, 16, 26, 30, 35, 46, 48, 64, 69, 84, 88, 96, 99, 106, 122, 124, 130, 139, 150, 162, 169]
[4, 6, 11, 17, 23, 38, 40, 43, 51, 79, 110, 114, 125, 146, 175, 178, 180, 182, 184, 186, 189, 191, 196, 199, 201, 203, 206, 210, 214, 218, 220, 222, 225, 229, 231, 233, 236, 239, 241, 244, 247, 249, 252, 254]
[13, 29, 33, 49, 57, 70]
[2, 4, 9, 17, 21, 26, 30, 43, 46, 53, 56, 60, 63, 66, 69, 74, 77, 82, 86, 89, 92, 96, 99, 104, 108, 111, 113, 117, 121, 134, 138, 141, 144, 147, 150, 152, 159, 163, 168, 172, 194, 201, 212, 217, 226, 236, 238, 242, 244, 246, 248, 254]
[6, 11, 23, 28, 34, 37, 39, 48, 55, 57, 65, 84, 87, 101, 115, 123, 125, 128, 131, 148, 151, 156, 161, 166, 171, 178, 183, 186, 189, 193, 195, 197, 199, 202, 224, 228, 232]
[9, 21, 30, 51, 60, 67, 73, 92, 94, 98, 110, 113, 118, 132, 134, 142, 147, 153, 163]
[12, 17, 33, 36, 57, 61, 79, 82, 97, 100, 108, 122, 129, 136, 138, 140, 144, 151, 156, 158, 160, 166, 171, 173, 177, 179, 182, 184, 186, 188, 190, 192, 195, 199, 202, 206, 208, 210, 213, 215, 218, 220, 222, 224, 227, 229, 231, 233, 236, 240, 243, 246, 248, 250, 253]
[2, 4, 23, 26, 34, 46, 51, 71, 75, 77, 101, 112, 118, 120, 126, 134, 145, 153]
[21, 30, 45, 49, 63, 70, 73, 84, 92, 111, 116, 121, 124, 135, 140, 143, 147, 149, 156, 162, 168, 173]
[12, 35, 42, 46, 57, 69, 97, 100, 102, 105, 107, 109, 134, 161, 164, 178, 183, 186, 188, 190, 192, 194, 196, 199, 202, 206, 209, 211, 213, 217, 219, 223, 227, 229, 232, 234, 236, 240, 243, 245, 248, 250, 252]
[20, 26, 29, 40, 43, 76, 80, 87, 89, 94, 103, 113, 115, 119, 122, 125, 131, 138, 143, 149, 155, 158, 163, 169, 171]
[23, 28, 61, 64, 66, 69, 75, 77, 92, 96, 98, 110, 130, 132, 135, 142, 152, 165, 168, 172, 174, 177, 179, 181, 183, 185, 187, 189, 191, 194, 196, 199, 201, 203, 205, 207, 209, 211, 213, 216, 218, 221, 223, 227, 229, 231, 233, 235, 237, 239, 243, 245, 247, 249, 253]
[5, 19, 21, 29, 34, 40, 86, 99, 104, 123, 126, 138, 149, 161, 164, 170]
[15, 46, 66, 69, 73, 75, 80, 89, 92, 97, 107, 111, 115, 132, 134, 150, 153, 162, 167]
[23, 34, 51, 127, 129, 133, 149, 173]
[20, 27, 39, 75, 92, 104, 123, 131, 151]
[3, 7, 10, 14, 17, 23, 26, 30, 45, 56, 63, 71, 77, 82, 89, 94, 97, 99, 101, 110, 112, 115, 122, 124, 127, 132, 134, 140, 147, 152, 154, 157, 159, 162, 168, 170, 174, 176, 180, 182, 185, 187, 189, 192, 195, 197, 201, 204, 206, 209, 212, 214, 218, 220, 224, 226, 229, 232, 234, 236, 238, 240, 242, 244, 247, 249, 251, 253]
[18, 95, 150]
[4, 52, 57, 70, 86, 93, 100, 105, 111, 124, 131, 133, 138, 153, 156, 158, 167, 191, 196, 202, 214, 217, 225, 230, 239, 244, 246, 249]
[8, 15, 17, 23, 30, 37, 41, 46, 54, 62, 64, 66, 74, 77, 80, 89, 91, 116, 118, 125, 129, 132, 144, 146, 148, 152, 155, 157, 163, 171, 184, 247]
[12, 16, 18, 42, 53, 61, 69, 76, 82, 92, 95, 97, 99, 101, 103, 109, 112, 114, 121, 126, 130, 134, 138, 141, 143, 147, 161, 164, 167, 169, 173, 175, 180, 182, 185, 188, 190, 192, 195, 197, 201, 204, 206, 208, 212, 214, 217, 222, 226, 230, 232, 234, 237, 239, 243, 245, 249, 252, 254]
[4, 17, 29, 38, 40, 58, 115]
[9, 20, 23, 35, 80, 103, 116, 126]
[3, 26, 46, 138, 149, 152]
[45, 188, 191, 196, 199, 201, 204, 207, 210, 212, 215, 217, 220, 223, 225, 227, 230, 232, 234, 236, 238, 241, 244, 246, 248, 250, 252]
[3, 11, 16, 22, 24, 33, 37, 47, 50, 55, 57, 66, 72, 77, 79, 84, 86, 89, 93, 98, 101, 105, 109, 112, 114, 116, 121, 124, 127, 131, 135, 138, 141, 144, 149, 153, 156, 159, 163, 169, 174]
[2, 9, 17, 20, 28, 39, 44, 61, 64, 67, 75, 78, 81, 90, 96, 107, 119, 123, 134, 155, 165, 171]
[1, 4, 6, 19, 26, 42, 47, 50, 52, 54, 56, 59, 68, 74, 80, 84, 86, 95, 98, 101, 104, 106, 108, 111, 124, 129, 139, 143, 147, 149, 153, 163, 167]
[15, 35, 51, 65, 72, 76, 82, 90, 92, 100, 114, 121, 132, 135, 137, 141, 151, 154, 157, 162, 165, 173, 178, 180, 183, 186, 188, 191, 194, 197, 200, 203, 205, 209, 211, 213, 215, 217, 222, 225, 227, 229, 231, 233, 235, 237, 242, 246, 249, 251, 253]
[8, 46, 67, 86, 98, 107, 109, 113, 116, 118, 122, 133, 139, 144, 150, 158, 164, 171]
[5, 19, 26, 30, 36, 38, 41, 56, 61, 63, 71, 89, 93, 101, 103, 105, 112, 120, 127, 134, 136, 140, 148, 153, 167, 169, 173, 176, 181, 183, 188, 192, 195, 197, 200, 202, 206, 209, 212, 214, 216, 218, 222, 225, 227, 230, 232, 234, 236, 238, 241, 243, 245, 249, 251, 254]
[3, 7, 35, 46, 51, 53, 81, 87, 91, 94, 96, 99, 102, 108, 111, 118, 123, 131, 133, 137, 144, 149, 151, 155, 161, 164, 175]
[10, 15, 25, 30, 34, 38, 40, 49, 55, 62, 71, 78, 83, 89, 95, 97, 104, 125, 128, 138, 150, 160, 168, 170, 173]
[3, 20, 46, 50, 53, 59, 63, 65, 69, 73, 80, 87, 93, 99, 101, 107, 112, 114, 116, 119, 121, 124, 126, 131, 134, 136, 141, 144, 147, 149, 154, 156, 158, 161, 164, 171, 175, 179, 182, 185, 190, 192, 195, 197, 199, 203, 205, 207, 209, 212, 214, 217, 219, 222, 224, 226, 230, 232, 235, 238, 241, 244, 246, 249, 251, 254]
[5, 23, 57, 60, 62, 64, 68, 70, 75, 77, 91, 94, 96, 100, 102, 110, 113, 120, 123, 127, 129, 137, 157, 159, 163, 166, 169]
[8, 12, 34, 36, 39, 41, 55, 84, 88, 98, 104, 107, 121, 126, 128, 131, 134, 139, 143, 147, 150, 152, 158, 161, 168, 172]
[11, 37, 46, 56, 65, 69, 74, 76, 81, 87, 92, 100, 106, 115, 122, 127, 135, 151, 153]
[4, 8, 13, 15, 18, 20, 25, 28, 30, 40, 42, 51, 53, 58, 61, 64, 91, 97, 101, 103, 109, 111, 113, 119, 123, 133, 139, 143, 147, 150, 152, 154, 157, 160, 165, 172]
[3, 16, 26, 34, 50, 69, 71, 77, 85, 87, 96, 105, 108, 114, 116, 120, 126, 134, 136, 138, 142, 146, 153, 159, 162, 164, 174, 176, 178, 181, 184, 187, 192, 194, 197, 200, 204, 206, 208, 210, 213, 215, 217, 219, 221, 223, 227, 229, 231, 233, 237, 240, 243, 245, 248, 250, 252, 254]
[15, 23, 42, 54, 61, 80, 91, 93, 100, 102, 104, 110, 119, 125, 128, 133, 135, 139, 147, 149, 158, 163, 171]
[7, 9, 12, 21, 27, 31, 38, 51, 57, 65, 69, 74, 89, 99, 105, 108, 113, 121, 131, 141, 143, 145, 150, 152, 154, 157, 159, 164, 179, 181, 185, 188, 190, 192, 194, 197, 200, 203, 205, 208, 213, 216, 218, 220, 222, 225, 228, 230, 232, 234, 237, 239, 243, 245, 247, 250, 252]
[4, 17, 19, 26, 41, 46, 61, 72, 77, 80, 83, 86, 88, 91, 101, 104, 107, 118, 120, 122, 134, 138, 156, 166, 172]
[15, 23, 35, 50, 57, 65, 92, 96, 100, 103, 108, 111, 114, 125, 128, 132, 144, 146, 153, 157, 161, 165, 169, 173, 176, 179, 182, 184, 187, 190, 193, 195, 197, 199, 203, 206, 209, 213, 215, 217, 219, 222, 225, 227, 230, 232, 234, 236, 238, 240, 242, 244, 246, 248, 251, 253]
[61, 66, 69, 75, 86, 98, 106, 110, 123, 138, 145, 150, 156, 159]
[4, 20, 23, 35, 58, 71, 80, 88, 93, 103, 114, 118, 121, 127, 132, 158, 160, 162, 164]
[11, 17, 34, 38, 46, 53, 65, 76, 84, 94, 104, 115, 122, 124, 126, 131, 149, 152, 155, 166, 170]
[2, 8, 12, 23, 27, 41, 52, 54, 62, 68, 74, 81, 89, 92, 127, 138]
[46, 101]
[8, 15, 24, 28, 33, 35, 49, 52, 57, 62, 74, 81, 87, 90, 93, 103, 108, 115, 120, 125, 134, 139, 141, 152, 165, 180, 182, 188, 190, 192, 195, 199, 201, 204, 207, 211, 213, 216, 218, 220, 223, 225, 227, 230, 234, 236, 240, 243, 246, 248, 250, 253]
[3, 13, 18, 25, 34, 37, 43, 48, 50, 55, 59, 61, 65, 69, 76, 83, 85, 94, 97, 99, 105, 109, 114, 117, 126, 129, 131, 133, 138, 140, 144, 150, 158, 160, 163, 166, 169]
[9, 12, 15, 29, 52, 56, 58, 72, 74, 78, 81, 88, 91, 96, 100, 102, 115, 122, 135, 143, 147, 153, 155, 162, 164, 167, 173]
[6, 17, 23, 26, 34, 46, 69, 82, 106, 109, 116, 118, 124, 139, 149, 151, 156]
[3, 29, 40, 52, 58, 60, 63, 75, 84, 94, 99, 111, 120, 122, 130, 134, 137, 146, 155, 159, 161, 167]
[5, 12, 45, 96, 114, 116, 127, 143, 152, 157, 169]
[11, 29, 34, 60, 64, 99, 101, 108, 142, 147, 149, 162, 164, 167, 172, 174, 176, 179, 183, 185, 187, 189, 192, 194, 197, 199, 201, 204, 207, 210, 212, 215, 218, 223, 225, 230, 232, 234, 237, 240, 243, 246, 248, 250, 253]
[5, 9, 40, 43, 47, 65, 74, 80, 85, 87, 89, 91, 111, 113, 115, 121, 125, 129, 134, 138, 141, 145, 155, 168, 175]
[17, 23, 30, 34, 52, 57, 82, 86, 88, 128, 130, 146, 151, 156, 162, 169]
[9, 12, 26, 29, 40, 44, 49, 92, 98, 111, 115, 135, 145, 154, 172, 178, 180, 182, 184, 186, 188, 190, 193, 197, 200, 203, 205, 207, 209, 212, 215, 218, 221, 223, 225, 229, 233, 237, 240, 242, 244, 246, 248, 250, 252]
[4, 65, 69, 80, 103, 127, 129, 132, 138, 150, 170]
[8, 12, 17, 23, 29, 40, 58, 84, 86, 93, 98, 109, 111, 115, 119, 123, 130, 135, 143, 145, 147, 149, 153, 161, 165, 167, 169, 173, 176, 178, 181, 184, 186, 188, 192, 196, 198, 200, 202, 204, 207, 209, 211, 213, 219, 221, 223, 225, 227, 230, 233, 235, 238, 240, 243, 246, 248, 250, 253]
[5, 11, 21, 26, 28, 34, 46, 63, 69, 91]
[4, 29, 40, 43, 52, 72, 74, 79, 86, 88, 92, 97, 102, 105, 107, 109, 112, 116, 118, 122, 124, 126, 128, 130, 133, 135, 137, 140, 144, 146, 148, 150, 152, 156, 159, 161, 164, 168, 170, 173, 176, 178, 180, 182, 185, 188, 190, 192, 194, 197, 199, 202, 204, 206, 209, 212, 214, 218, 220, 223, 225, 228, 232, 237, 239, 241, 244, 246, 249, 252, 254]
[5, 9, 23, 46, 57, 75, 103, 117, 139]
[43, 64, 69, 83, 85, 87, 89, 95, 104, 108, 112, 114, 120, 123, 126, 132, 134, 137, 145, 149, 151, 153, 155, 158, 162, 165, 170, 176, 179, 181, 184, 186, 188, 191, 194, 196, 198, 200, 202, 204, 206, 208, 211, 214, 216, 218, 221, 223, 226, 229, 231, 234, 236, 239, 241, 244, 247, 250, 252, 254]
[4, 8, 11, 23, 29, 35, 68, 80, 91, 94, 103, 115, 159, 173]
[9, 12, 17, 26, 46, 61, 63, 69, 92]
[4, 23, 29, 43, 57, 60, 65, 74, 78, 85, 94, 99, 104, 106, 108, 111, 113, 119, 121, 124, 129, 132, 135, 138, 141, 145, 150, 153, 155, 158, 161, 163, 168, 170, 177, 180, 182, 184, 186, 188, 193, 196, 199, 201, 203, 205, 208, 214, 219, 222, 227, 230, 233, 235, 237, 239, 242, 244, 248, 250, 252, 254]
[9, 46, 52, 69, 81, 127]
[12, 29, 34, 55, 58, 65, 68, 73, 75, 77, 87, 90, 92, 105, 108, 111, 116, 125, 129, 131, 134, 137, 139, 141, 144, 149, 151, 154, 156, 159, 161, 163, 167, 169, 172, 174, 177, 181, 183, 185, 188, 191, 193, 196, 198, 201, 204, 206, 210, 212, 214, 216, 219, 221, 223, 225, 228, 230, 234, 237, 240, 243, 247, 249, 252, 254]
[5, 40, 46]
[11, 17, 28, 74, 121]
[3, 9, 12, 14, 19, 21, 23, 25, 30, 34, 42, 50, 55, 58, 61, 65, 69, 76, 80, 86, 93, 95, 102, 108, 115, 124, 128, 130, 133, 136, 142, 145, 151, 155, 157, 171, 177, 188, 190, 192, 194, 196, 203, 211, 218, 220, 223, 228, 230, 235, 239, 242, 245, 248, 250, 252]
[2, 7, 17, 22, 28, 47, 63, 66, 79, 82, 89, 92, 99, 101, 103, 106, 111, 114, 119, 123, 125, 140, 143, 153, 159, 162, 167, 173]
[6, 19, 24, 29, 38, 42, 71, 74, 87, 93, 100, 109, 132, 142, 151, 156, 170]
[10, 14, 22, 28, 35, 40, 43, 47, 51, 56, 61, 64, 67, 69, 75, 78, 84, 91, 96, 107, 113, 115, 118, 123, 129, 137, 146, 150, 154, 161, 165, 173, 178, 182, 186, 189, 192, 195, 198, 201, 204, 206, 208, 211, 213, 215, 217, 219, 222, 224, 227, 229, 231, 234, 236, 238, 240, 242, 246, 248, 251, 254]
[3, 12, 17, 24, 29, 50, 53, 70, 73, 80, 83, 88, 101, 105, 108, 128, 136, 139, 144, 147, 155, 158, 170]
[8, 10, 13, 27, 30, 38, 42, 46, 51, 56, 66, 69, 79, 81, 86, 89, 94, 96, 107, 112, 116, 123, 127, 130, 145, 151, 161, 168, 176, 181, 183, 185, 187, 190, 193, 195, 197, 200, 202, 204, 206, 210, 212, 215, 218, 220, 222, 224, 226, 228, 232, 235, 238, 240, 243, 245, 248, 250, 252, 254]
[15, 17, 21, 33, 36, 45, 48, 73, 75, 80, 83, 100, 103, 108, 111, 115, 120, 125, 133, 137, 139, 142, 147]
[3, 7, 13, 23, 26, 41, 47, 53, 62, 69, 77, 81, 89, 91, 96, 105, 107, 118, 123, 127, 131, 134, 144, 149, 152, 156, 158, 167, 170, 173, 178, 185, 187, 191, 194, 196, 200, 203, 205, 211, 213, 215, 217, 219, 221, 224, 228, 232, 234, 239, 242, 244, 247, 250, 252]
[15, 21, 39, 46, 55, 58, 71, 80, 83, 88, 93, 97, 101, 106, 109, 113, 125, 129, 136, 146, 162, 165, 169, 172]
[14, 23, 29, 35, 42, 45, 48, 53, 68, 73, 78, 85, 95, 98, 100, 111, 114, 118, 121, 133, 137, 149, 155, 161, 166, 173, 183, 185, 192, 195, 197, 199, 202, 209, 211, 217, 220, 222, 234, 236, 248]
[4, 43, 60, 69, 72, 76, 79, 87, 89, 101, 109, 113, 116, 123, 131, 135, 140, 143, 153, 156, 162, 172, 198, 205, 208, 210, 212, 215, 218, 223, 225, 229, 233, 235, 238, 240, 242, 244, 246, 250]
[17, 19, 21, 28, 32, 41, 46, 49, 52, 63, 71, 75, 82, 92, 99, 106, 110, 119, 124, 138, 142, 150, 170]
[16, 23, 26, 40, 47, 54, 57, 60, 72, 77, 87, 90, 95, 98, 105, 118, 135, 141, 156, 159, 178]
[1, 4, 11, 18, 34, 42, 45, 63, 91, 109, 116, 126, 131, 150, 153, 163, 172]
[14, 22, 26, 29, 38, 60, 65, 70, 78, 81, 84, 88, 97, 115, 121, 123, 135, 138, 143, 145, 160, 165, 168, 170, 174, 177, 179, 183, 186, 188, 190, 192, 194, 197, 200, 203, 208, 212, 216, 218, 221, 224, 229, 233, 235, 238, 244, 252]
[4, 11, 40, 46, 48, 50, 52, 55, 59, 62, 67, 74, 82, 86, 101, 106, 130, 140, 147, 163, 202, 209, 211, 215, 219, 222, 226, 236, 239, 245, 247, 251, 253]
[20, 30, 38, 45, 49, 57, 64, 68, 75, 77, 81, 85, 95, 98, 103, 108, 116, 119, 125, 132, 134, 143, 150, 155, 157, 159, 162, 164, 168, 190, 199, 205, 213, 217, 220, 223, 225, 228, 230, 234, 237, 240, 243, 249, 252, 254]
[8, 18, 23, 39, 43, 52, 74, 76, 83, 91, 101, 112, 118, 130, 133, 137, 145, 151, 165, 170]
[4, 19, 29, 31, 46, 50, 64, 69, 72, 86, 94, 107, 111, 115, 121, 125, 127, 155, 161, 166, 169, 172, 178, 180, 183, 185, 189, 193, 195, 201, 203, 209, 215, 218, 228, 231, 235, 237, 240, 242, 246, 252, 254]
[17, 28, 35, 41, 52, 57, 62, 76, 85, 88, 96, 99, 104, 113, 117, 122, 126, 131, 136, 140, 145]
[4, 6, 11, 15, 58, 80, 101, 125, 134, 138, 146, 148, 155, 158, 162, 179, 181, 184, 187, 190, 192, 194, 197, 199, 201, 205, 208, 210, 213, 215, 217, 220, 222, 224, 227, 229, 232, 235, 239, 241, 244, 247, 251]
[69, 92, 104, 160]
[4, 8, 15, 20, 23, 37, 54, 58, 83, 86, 151, 180, 183, 185, 187, 191, 194, 196, 198, 200, 202, 206, 210, 212, 215, 217, 219, 223, 227, 231, 233, 235, 238, 241, 244, 247, 250, 254]
[2, 5, 11, 16, 26, 29, 32, 38, 41, 46, 48, 51, 53, 56, 59, 64, 69, 72, 80, 85, 93, 97, 103, 107, 111, 115, 120, 123, 127, 130, 133, 136, 144, 160, 164, 171, 174]
[37, 47, 62, 66, 78, 88, 91, 95, 98, 105, 109, 117, 122, 135, 138, 140, 145, 149, 152, 156, 158, 168]
[14, 25, 33, 52, 54, 58, 63, 71, 85, 103, 108, 113, 129, 133, 174, 178, 181, 183, 185, 188, 192, 195, 197, 199, 201, 203, 205, 207, 210, 213, 217, 219, 221, 223, 225, 228, 230, 232, 234, 237, 239, 241, 244, 247, 249, 252, 254]
[11, 17, 40, 43, 46, 53, 70, 81, 107, 110, 116, 120, 124, 127, 131, 135, 155, 161, 166, 171]
[5, 19, 23, 32, 34, 49, 52, 55, 64, 69, 85, 90, 92, 94, 99, 102, 133, 138, 144, 146, 169]
[14, 31, 43, 57, 63, 66, 76, 81, 87, 104, 107, 109, 115, 135, 137, 145, 148, 159, 164, 170, 174]
[2, 17, 38, 52, 54, 69, 74, 85, 90, 102, 119, 121, 126, 138, 141, 144, 156, 166, 179, 182, 185, 187, 190, 192, 194, 198, 202, 204, 206, 209, 212, 216, 218, 222, 224, 227, 229, 231, 234, 236, 238, 241, 243, 246, 248, 251, 254]
[12, 29, 35, 40, 43, 46, 50, 53, 62, 73, 76, 89, 120, 124, 128, 132, 149, 159, 162, 169]
[20, 23, 28, 39, 51, 57, 75, 80, 87, 93, 96, 104, 111, 115, 121, 126, 135, 139, 144, 147, 161, 164, 166, 173]
[37, 95, 97, 119, 131, 137, 149, 163, 167]
[7, 20, 28, 30, 39, 42, 54, 63, 69, 72, 76, 82, 92, 98, 102, 115, 122, 134, 136, 138, 144, 146, 154, 159, 161, 168, 171, 174, 176, 179, 183, 185, 187, 189, 191, 193, 195, 197, 199, 201, 203, 208, 210, 212, 215, 217, 220, 223, 225, 228, 232, 235, 238, 240, 242, 246, 248, 251, 253]
[46, 58, 81, 95, 104, 127]
[6, 11, 15, 18, 27, 41, 48, 52, 54, 61, 68, 73, 82, 88, 92, 99, 101, 106, 109, 111, 114, 119, 121, 123, 130, 132, 136, 141, 144, 147, 149, 155, 157, 159, 161, 165, 167, 170, 173, 177, 179, 182, 184, 187, 190, 193, 197, 199, 201, 203, 205, 207, 210, 212, 214, 216, 219, 221, 223, 225, 227, 229, 231, 234, 237, 240, 244, 247, 249, 252, 254]
[2, 5, 12, 31, 34, 80, 91, 108, 138, 169, 172]
[11, 17, 23, 38, 46, 51, 58, 62, 69, 74, 88, 97, 107, 115, 126, 135, 149, 157, 170, 174, 203, 217, 219, 226, 234, 239, 241, 253]
[7, 31, 41, 52, 55, 61, 65, 80, 87, 104, 108, 136, 139, 153, 156, 158, 160, 162, 168, 192, 220, 227, 237, 240]
[6, 8, 30, 35, 42, 45, 48, 57, 69, 73, 92, 107, 119, 122, 127, 138, 143, 150, 154, 161, 174, 181, 183, 197, 201, 204, 207, 214, 218, 222, 224, 230, 233, 236, 238, 242, 245, 250]
[2, 5, 11, 20, 23, 31, 53, 65, 74, 81, 88, 116, 120, 123, 130, 133, 144, 147, 153, 155, 157, 178, 184, 187, 193, 200, 202, 206, 213, 217, 229, 231, 234, 237, 241, 246, 248, 252]
[8, 15, 17, 29, 40, 43, 46, 69, 91, 105, 122, 126, 129, 137, 161, 172]
[23, 31, 34, 51, 80, 101, 115, 138, 173]
[194, 201, 207, 210, 212, 215, 217, 220, 222, 226, 228, 230, 234, 236, 238, 240, 243, 245, 249, 252]
[8, 12, 16, 26, 28, 31, 40, 47, 57, 75, 80, 90, 95, 101, 112, 119, 123, 136, 139, 148, 159, 162]
[2, 5, 10, 13, 17, 20, 25, 37, 56, 60, 62, 64, 69, 76, 87, 91, 99, 103, 105, 109, 121, 126, 130, 141, 152, 154, 160, 166, 168, 179, 181, 184, 187, 189, 192, 195, 197, 200, 203, 205, 208, 211, 213, 216, 219, 221, 224, 227, 230, 232, 235, 237, 240, 243, 245, 248, 251, 253]
[1, 9, 29, 47, 66, 73, 89, 112, 115, 127, 132, 144, 147, 151, 158, 162]
[4, 11, 23, 25, 27, 32, 44, 51, 53, 57, 63, 69, 71, 78, 81, 88, 96, 102, 121, 125, 136, 138, 150, 154, 168]
[15, 72, 74, 105, 109, 115, 135, 165, 167, 174]
[9, 18, 21, 26, 29, 31, 36, 38, 45, 49, 51, 61, 64, 66, 75, 77, 81, 92, 95, 97, 100, 107, 113, 116, 120, 127, 130, 132, 134, 140, 145, 149, 156, 159, 162, 164, 169, 171, 173, 178, 181, 183, 186, 189, 191, 193, 195, 197, 199, 202, 205, 207, 211, 215, 218, 220, 224, 226, 228, 230, 232, 235, 239, 241, 243, 245, 247, 249, 251, 254]
[3, 8, 11, 16, 39, 50, 56, 76, 80, 83, 86, 88, 122, 124, 131, 142, 154, 157, 172]
[30, 35, 38, 43, 46, 49, 53, 69, 74, 79, 82, 85, 87, 94, 101, 103, 114, 121, 126, 137, 140, 147, 152, 155, 159, 168, 173]
[11, 18, 20, 23, 27, 39, 54, 60, 67, 76, 83, 90, 98, 106, 109, 118, 122, 125, 134, 142, 145, 148, 164, 171]
[4, 8, 16, 31, 34, 51, 57, 63, 66, 71, 82, 108, 110, 113, 115, 119, 124, 128, 135, 139, 146, 152, 155, 159, 161, 167, 173]
[14, 29, 38, 46, 58, 64, 69, 76, 80, 85, 92, 95, 97, 101, 105, 130, 134, 144, 151, 153, 168]
[4, 12, 15, 20, 24, 27, 30, 37, 41, 51, 56, 59, 65, 72, 83, 87, 93, 109, 112, 117, 122, 125, 131, 139, 141, 143, 145, 148, 152, 156, 158, 161, 166, 174, 176, 183, 186, 189, 191, 193, 195, 197, 199, 203, 206, 210, 212, 214, 216, 219, 221, 223, 226, 228, 230, 232, 234, 236, 239, 241, 243, 246, 248, 250, 252]
[14, 18, 21, 23, 25, 28, 31, 34, 42, 46, 50, 53, 55, 57, 62, 66, 69, 71, 77, 79, 81, 85, 88, 90, 92, 94, 100, 103, 105, 114, 123, 128, 137, 149, 151, 154, 160, 163, 170, 172]
[29, 76, 82, 86, 96, 116, 118, 121, 126, 148, 150, 152, 155, 158, 161, 166, 169, 173]
[3, 7, 10, 16, 28, 31, 34, 38, 41, 46, 49, 55, 58, 65, 68, 73, 80, 85, 92, 105, 113, 115, 123, 134, 140, 154, 156, 162, 172]
[6, 8, 15, 19, 21, 23, 26, 29, 45, 57, 61, 75, 88, 95, 97, 101, 109, 111, 114, 124, 127, 129, 135, 138, 145, 160, 164, 170]
[11, 28, 49, 58, 62, 66, 69, 76, 89, 98, 104, 113, 128, 131, 141, 149, 163, 171, 174]
[9, 12, 17, 27, 32, 34, 46, 51, 53, 57, 61, 63, 65, 73, 84, 88, 92, 109, 112, 118, 120, 122, 125, 127, 147, 150, 152, 155, 160, 165, 167, 173]
[4, 14, 23, 40, 42, 58, 72, 75, 80, 82, 87, 89, 94, 97, 99, 101, 104, 110, 114, 116, 124, 129, 132, 136, 139, 141, 143, 146, 148, 153, 159, 162, 166, 169, 172, 175]
[5, 8, 15, 20, 39, 41, 45, 49, 62, 64, 69, 73, 76, 78, 83, 85, 98, 100, 105, 107, 112, 115, 117, 121, 126, 128, 131, 133, 135, 142, 145, 150, 156, 158, 167, 170, 173]
[6, 26, 32, 35, 43, 52, 54, 67, 70, 72, 74, 77, 79, 82, 84, 88, 99, 103, 108, 111, 118, 124, 127, 130, 139, 141, 143, 146, 148, 153, 161, 163, 169, 171]
[5, 7, 12, 15, 17, 20, 46, 57, 61, 75, 86, 92, 94, 97, 104, 106, 109, 115, 123, 128, 132, 134, 137, 142, 152, 158, 166, 174, 179, 182, 185, 190, 192, 195, 198, 201, 203, 205, 207, 209, 211, 213, 215, 217, 219, 222, 226, 231, 234, 236, 239, 242, 246, 249, 252]
[69, 120, 157, 161, 163, 168, 177]
[9, 12, 17, 24, 35, 38, 42, 50, 55, 57, 62, 72, 77, 87, 95, 100, 170]
[32, 45, 64, 67, 70, 83, 90, 94, 98, 106, 108, 112, 116, 118, 121, 126, 128, 132, 138, 143, 146, 152, 155, 158, 162, 167, 172]
[1, 20, 23, 28, 35, 37, 39, 44, 47, 50, 54, 56, 61, 86, 91, 99, 101, 104, 110, 114, 117, 120, 123, 127, 129, 137, 148, 156, 169, 171, 177, 181, 184, 186, 190, 193, 195, 198, 202, 207, 216, 224, 232]
[6, 12, 19, 25, 32, 46, 48, 53, 69, 97, 106, 118, 125, 131, 136, 144, 155, 159, 166]
[1, 5, 23, 26, 33, 54, 57, 61, 66, 74, 77, 80, 91, 96, 101, 103, 105, 108, 113, 124, 134, 137, 139, 145, 156, 165, 167, 177, 180, 183, 185, 189, 191, 193, 196, 198, 200, 203, 206, 208, 211, 213, 215, 217, 219, 222, 226, 229, 232, 234, 236, 238, 241, 244, 246, 249, 252]
[3, 20, 34, 73, 90, 92, 95, 97, 104, 111, 119, 122, 129, 135, 140, 142, 147, 150, 161, 163, 168, 173]
[12, 32, 42, 46, 62, 71, 75, 82, 84, 94, 120, 145, 154, 158, 167]
[29, 34, 53, 58, 66, 73, 88, 93, 104, 106, 114, 116, 122, 134, 143, 150, 157, 164]
[3, 23, 30, 32, 51, 74, 76, 80, 98, 101, 109, 111, 123, 131, 142, 144, 149, 153, 158, 171]
[11, 16, 18, 46, 52, 55, 69, 72, 75, 77, 84, 86, 89, 97, 99, 102, 104, 110, 115, 119, 121, 128, 136, 139, 146, 150, 152, 154, 159, 161, 163, 167, 169, 173]
[1, 6, 15, 17, 27, 30, 34, 38, 40, 42, 44, 50, 58, 62, 68, 71, 74, 76, 80, 85, 88, 90, 94, 101, 103, 106, 112, 116, 118, 120, 122, 124, 129, 133, 135, 138, 140, 142, 145, 153, 156, 160, 164, 166, 168, 170, 172, 174, 177, 179, 181, 184, 186, 189, 191, 193, 195, 198, 201, 203, 205, 208, 212, 215, 218, 220, 223, 225, 227, 230, 234, 236, 239, 242, 244, 246, 248, 250, 254]
[23, 35, 52, 57, 70, 77, 79, 95, 99, 104, 109, 111, 114, 119, 126, 139, 144, 149, 155, 158, 162, 173]
[1, 7, 16, 20, 25, 29, 32, 36, 38, 42, 46, 49, 55, 60, 62, 64, 66, 73, 75, 78, 81, 84, 86, 88, 90, 92, 106, 108, 110, 113, 115, 131, 138, 141, 143, 145, 148, 151, 157, 159, 161, 169, 172]
[2, 8, 23, 34, 39, 53, 91, 103, 165]
[9, 12, 17, 21, 25, 29, 35, 38, 40, 42, 51, 57, 62, 69, 81, 93, 114, 146]
[1, 5, 23, 26, 39, 43, 46, 53, 63, 66, 74, 80, 90, 92, 94, 103, 109, 111, 113, 117, 119, 123, 126, 128, 131, 133, 138, 140, 144, 147, 150, 155, 157, 159, 161, 163, 165, 169, 173, 176, 178, 180, 183, 185, 187, 195, 200, 202, 204, 206, 209, 212, 215, 217, 220, 223, 226, 230, 233, 236, 239, 241, 243, 245, 248, 250, 254]
[19, 47, 69, 102, 104, 110, 115, 118, 124, 134, 142, 152, 164, 167, 171, 174]
[16, 18, 46, 57, 80, 90, 109, 113, 122, 127, 130, 133, 138, 149, 158, 165]
[1, 8, 17, 19, 23, 68, 92, 99, 108, 110, 119, 123, 126, 141, 143, 153, 156, 159, 162, 164, 172]
[5, 7, 11, 15, 27, 30, 38, 40, 42, 46, 51, 54, 61, 74, 76, 82, 84, 87, 95, 98, 100, 104, 109, 112, 114, 116, 122, 125, 127, 129, 131, 134, 136, 139, 142, 145, 148, 151, 155, 158, 160, 163, 165, 168, 173, 175, 179, 181, 183, 190, 193, 197, 199, 202, 204, 208, 210, 213, 215, 218, 220, 223, 225, 227, 229, 231, 235, 238, 240, 243, 245, 247, 250, 253]
[16, 19, 35, 57, 69, 79, 99, 102, 115, 126, 128, 135, 147, 152]
[6, 28, 46, 51, 54, 70, 80, 101, 104, 139, 150, 156, 158, 162]
[1, 23, 34, 196, 200, 204, 207, 211, 213, 216, 218, 221, 224, 226, 229, 231, 233, 236, 238, 241, 244, 246, 249, 252]
[3, 11, 22, 24, 27, 55, 90, 117, 140, 149, 152, 181, 184, 189, 191]
[2, 4, 7, 12, 14, 21, 33, 50, 54, 60, 64, 72, 75, 77, 80, 85, 89, 95, 101, 114, 118, 120, 125, 131, 143, 151, 154, 156, 159, 162, 168, 173, 194, 196, 199, 202, 205, 207, 210, 213, 215, 218, 221, 223, 226, 229, 232, 234, 237, 240, 243, 245, 248, 251, 253]
[15, 19, 22, 40, 43, 45, 52, 55, 63, 68, 73, 76, 83, 91, 94, 98, 107, 110, 117, 123, 129, 136, 141, 146, 149, 152, 163, 165, 169, 172, 184, 201]
[12, 26, 29, 36, 42, 46, 56, 60, 66, 72, 96, 100, 109, 112, 119, 126, 132, 138, 142, 145, 151, 157]
[3, 8, 20, 33, 38, 40, 51, 53, 55, 58, 61, 67, 75, 78, 80, 87, 104, 117, 122, 129, 141, 144, 149, 152, 154, 160, 164, 167, 170]
[6, 10, 16, 23, 29, 36, 42, 47, 50, 70, 72, 77, 83, 90, 97, 99, 102, 107, 114, 118, 127, 130, 135, 138, 140, 143, 166]
[7, 15, 25, 27, 34, 37, 40, 54, 58, 61, 75, 81, 92, 95, 98, 109, 112, 116, 121, 142, 146, 149, 162, 173]
[1, 6, 12, 21, 31, 43, 45, 47, 53, 56, 66, 69, 72, 85, 89, 100, 102, 107, 111, 118, 120, 132, 135, 143, 150, 160, 177, 181, 187, 190, 193, 195, 198, 200, 202, 206, 209, 211, 213, 216, 220, 223, 225, 227, 230, 233, 235, 237, 240, 242, 245, 249, 253]
[3, 7, 11, 16, 26, 35, 41, 57, 60, 63, 70, 76, 78, 84, 88, 91, 96, 105, 109, 115, 121, 125, 127, 133, 138, 141, 146, 154, 163, 170, 172]
[14, 20, 59, 67, 85, 90, 97, 104, 111, 128, 149, 152, 157, 166, 168]
[1, 8, 17, 36, 41, 46, 48, 56, 68, 73, 77, 79, 82, 84, 87, 89, 96, 98, 100, 109, 116, 121, 134, 137, 146, 148, 154, 167, 170, 173]
[5, 11, 15, 26, 31, 45, 50, 52, 66, 70, 75, 86, 92, 123, 128, 131, 159]
[4, 20, 23, 38, 59, 67, 72, 74, 80, 97, 101, 112, 116, 119, 121, 140, 162, 165, 169, 172]
[11, 16, 19, 22, 36, 51, 64, 73, 82, 96, 108, 110, 114, 127, 137, 152, 156, 173]
[4, 9, 12, 17, 23, 26, 34, 40, 43, 53, 58, 62, 68, 72, 77, 81, 83, 86, 89, 97, 104, 106, 113, 115, 121, 125, 131, 138, 145, 147, 161, 163, 179, 183, 188, 192, 195, 198, 200, 202, 205, 208, 210, 212, 215, 217, 219, 222, 225, 228, 231, 233, 235, 238, 240, 243, 245, 248, 252]
[3, 6, 46, 51, 65, 75, 79, 90, 111, 116, 128, 155, 166, 169, 173]
[4, 23, 26, 29, 31, 69, 82, 89, 96, 99, 110, 115, 127, 136, 149, 151, 164]
[11, 20, 40, 46, 56, 60, 65, 79, 94, 104, 108, 112, 117, 122, 125, 143, 159, 161, 166, 172, 177, 181, 184, 186, 190, 192, 194, 197, 200, 203, 206, 208, 210, 212, 215, 217, 220, 222, 224, 227, 230, 233, 237, 239, 241, 247, 250, 253]
[9, 12, 35, 54, 57, 69, 75, 77, 80, 86, 130, 144, 146, 148, 150, 164]
[4, 17, 29, 43, 51, 72, 81, 83, 87, 91, 97, 101, 103, 109, 116, 120, 126, 132, 142, 145, 157, 160, 165, 174]
[14, 26, 35, 40, 64, 77, 80, 85, 89, 104, 108, 113, 119, 121, 124, 127, 129, 136, 138, 140, 144, 154, 156, 158, 164, 170, 172, 175, 177, 179, 181, 185, 188, 190, 192, 195, 198, 200, 202, 204, 208, 212, 215, 217, 220, 223, 226, 228, 231, 234, 236, 238, 240, 243, 245, 247, 250, 254]
[5, 9, 17, 20, 23, 34, 38, 46, 57, 63, 69, 76, 90, 93, 95, 97, 101, 106, 115, 137, 139, 145, 147, 150, 155, 157, 166, 168, 174]
[6, 8, 40, 52, 60, 81]
[4, 9, 13, 17, 20, 26, 30, 35, 38, 41, 44, 50, 57, 63, 69, 72, 78, 84, 96, 100, 109, 119, 124, 133, 143, 153, 166, 170, 173, 177, 179, 187, 190, 192, 196, 199, 203, 205, 207, 209, 212, 215, 218, 220, 222, 225, 228, 230, 233, 235, 237, 241, 244, 248, 252]
[2, 6, 12, 29, 40, 46, 49, 52, 58, 62, 66, 76, 80, 86, 91, 93, 95, 98, 101, 104, 106, 108, 113, 116, 118, 121, 128, 135, 142, 144, 152, 156, 160, 162, 165, 171]
[13, 23, 50, 63, 65, 68, 74, 84, 90, 94, 99, 107, 111, 119, 122, 132, 140, 146, 151, 154, 163, 166, 174, 180, 185, 187, 189, 191, 195, 197, 199, 201, 203, 207, 210, 212, 214, 216, 219, 222, 225, 229, 232, 234, 238, 241, 244, 246, 248, 250, 252, 254]
[5, 8, 21, 40, 43, 97, 105, 113, 160, 169]
[2, 11, 23, 49, 52, 58, 66, 72, 82, 84, 101, 110, 115, 121, 125, 130, 133, 137, 143, 158, 162, 164, 173]
[1, 30, 34, 43, 62, 64, 68, 71, 81, 87, 103, 116, 127, 148, 150, 163, 170]
[5, 8, 16, 18, 28, 55, 60, 63, 69, 77, 79, 83, 93, 96, 98, 108, 117, 123, 135, 141, 145, 153, 165, 167, 172, 178, 181, 185, 188, 191, 193, 195, 199, 201, 205, 209, 211, 213, 215, 218, 220, 223, 225, 228, 231, 233, 238, 240, 243, 246, 249, 251, 254]
[1, 17, 23, 26, 32, 40, 46, 51, 54, 73, 84, 99, 101, 119, 128, 132, 136, 138, 143, 152, 157, 161]
[12, 35, 52, 57, 65, 69, 72, 75, 86, 89, 97, 103, 115, 120, 122, 125, 127, 139, 155, 159, 166, 172, 179, 181, 183, 186, 188, 190, 192, 194, 196, 199, 201, 204, 207, 211, 213, 217, 219, 222, 224, 226, 229, 231, 234, 238, 240, 243, 246, 250, 252, 254]
[17, 26, 29, 74, 81, 90, 96, 99, 109, 121, 124, 137, 142, 150, 156, 162]
[5, 16, 23, 28, 34, 40, 43, 46, 50, 60, 75, 86, 89, 92, 101, 112, 118, 122, 129, 132, 136, 145, 148, 152, 154, 164, 169, 174, 176, 178, 180, 183, 185, 188, 190, 193, 195, 197, 202, 205, 207, 209, 212, 214, 216, 218, 221, 226, 229, 232, 236, 240, 242, 244, 246, 248, 250, 252, 254]
[12, 15, 26, 30, 36, 38, 51, 57, 61, 68, 72, 81, 84, 99, 107, 109, 115, 120, 127, 135, 139, 160, 166, 171]
[34, 46, 56, 87, 97, 101, 112, 121, 124, 129, 131, 150, 153, 161]
[3, 11, 21, 25, 28, 31, 36, 38, 43, 51, 54, 60, 64, 67, 70, 79, 82, 85, 92, 102, 104, 107, 115, 122, 127, 136, 139, 152, 160, 163, 173]
[46, 126, 138, 154]
[17, 34, 57, 69, 80, 92, 116, 120, 129, 136, 145, 149, 156, 161, 168, 170, 173]
[4, 8, 20, 29, 39, 43, 46, 58, 61, 75, 77, 86, 96, 98, 100, 103, 108, 110, 112, 122, 127, 131, 134, 137, 140, 143, 146, 148, 150, 152, 155, 157, 162, 164, 166, 169, 172, 174, 177, 180, 183, 185, 189, 191, 193, 195, 197, 199, 202, 205, 209, 211, 214, 216, 218, 221, 223, 226, 228, 230, 233, 236, 239, 242, 244, 246, 249, 252]
[23, 26, 41, 69, 90, 101, 107, 115, 119, 136, 139, 144, 154, 160, 165]
[1, 3, 11, 14, 46, 57, 81, 104, 127, 132, 134, 142, 156]
[8, 18, 27, 30, 39, 42, 50, 53, 64, 69, 73, 78, 85, 89, 93, 97, 99, 102, 105, 107, 113, 115, 118, 123, 130, 133, 135, 139, 141, 144, 146, 149, 152, 155, 157, 160, 162, 165, 167, 169, 173, 176, 180, 183, 186, 188, 190, 193, 195, 197, 199, 202, 205, 211, 214, 216, 218, 221, 224, 226, 228, 230, 232, 235, 238, 240, 242, 246, 248, 250, 253]
[15, 17, 28, 34, 40, 80, 87, 98, 104, 108, 114, 121, 126, 132, 142, 150, 161, 170]
[4]
[11, 23, 28, 31, 41, 43, 46, 48, 57, 71, 75, 78, 81, 84, 86, 89, 95, 97, 99, 101, 105, 107, 112, 118, 120, 123, 133, 136, 139, 142, 145, 147, 150, 157, 162, 165, 168, 174, 180]
[2, 17, 19, 22, 25, 29, 40, 54, 58, 60, 64, 113, 122, 148, 153, 158, 190, 192, 196, 198, 200, 205, 208, 210, 212, 215, 218, 221, 225, 227, 230, 232, 235, 237, 239, 242, 245, 248, 252, 254]
[4, 8, 11, 18, 27, 31, 36, 45, 59, 70, 74, 84, 88, 90, 92, 95, 99, 115, 125, 132, 143, 146, 156, 160, 167, 171, 178]
[15, 20, 35, 42, 46, 48, 51, 78, 81, 91, 100, 108, 119, 122, 129, 136, 142, 151, 157, 169, 173]
[1, 23, 33, 36, 38, 56, 61, 67, 76, 88, 90, 93, 96, 105, 107, 117, 138, 155, 160, 163, 165, 177, 180, 182, 187, 189, 192, 196, 199, 203, 205, 208, 210, 212, 216, 218, 220, 223, 225, 229, 233, 236, 239, 241, 243, 245, 247, 249, 251, 254]
[3, 15, 46, 54, 58, 65, 73, 81, 83, 94, 104, 115, 121, 124, 142, 147, 173]
[20, 30, 35, 39, 50, 53, 56, 64, 76, 80, 86, 88, 91, 97, 102, 105, 109, 113, 117, 129, 132, 134, 137, 144, 149, 152, 154, 157, 161, 164, 175, 180, 182, 185, 189, 192, 196, 198, 200, 203, 205, 207, 209, 211, 214, 216, 218, 221, 223, 225, 229, 234, 238, 240, 242, 244, 248, 250, 253]
[1, 3, 23, 26, 38, 42, 47, 54, 79, 81, 83, 95, 99, 104, 108, 115, 118, 121, 130, 139, 141, 143, 146, 151, 155, 159, 165, 167, 171, 173]
[5, 10, 41, 50, 67, 85, 93, 96, 102, 106, 125, 128, 132, 134, 136, 161, 164]
[20, 34, 46, 53, 55, 69, 72, 87, 91, 110, 115, 124, 130, 138, 140, 142, 153, 155, 163, 166]
[3, 5, 26, 30, 36, 49, 76, 79, 85, 95, 99, 101, 104, 106, 129, 131, 135, 143, 145, 158, 160, 168, 171]
[23, 34, 57, 69, 80, 84, 88, 108, 114, 122, 125, 134, 142, 147, 149, 159, 167, 170, 172, 177, 180, 182, 184, 188, 190, 193, 195, 197, 199, 201, 204, 207, 210, 213, 215, 217, 220, 223, 227, 230, 232, 234, 236, 238, 240, 243, 246, 248, 251, 254]
[11, 16, 35, 39, 41, 46, 53, 63, 66, 74, 81, 91, 95, 112, 120, 127, 131, 139, 161]
[3, 6, 19, 24, 28, 40, 54, 56, 69, 72, 80, 82, 85, 98, 104, 108, 115, 123, 132, 149, 160, 169]
[8, 10, 15, 25, 30, 34, 39, 42, 50, 53, 57, 62, 64, 66, 68, 79, 86, 91, 94, 105, 107, 113, 118, 122, 126, 129, 134, 136, 144, 150, 157, 159, 164, 178, 185, 194, 196, 202, 211, 218, 220, 222, 224, 241, 244, 247, 250]
[11, 26, 51, 54, 63, 74, 81, 85, 90, 93, 97, 99, 109, 132, 135, 138, 146, 156, 170, 172, 180, 182, 184, 187, 189, 191, 193, 195, 197, 199, 201, 203, 205, 207, 210, 212, 215, 217, 219, 221, 223, 226, 229, 234, 237, 239, 242, 246, 248, 251, 253]
[1, 12, 15, 23, 42, 46, 50, 57, 62, 66, 69, 73, 78, 84, 87, 89, 92, 94, 98, 101, 107, 111, 115, 122, 124, 126, 128, 137, 139, 141, 143, 149, 152, 158, 160, 171]
[4, 6, 49, 52, 85, 104, 110, 113, 119, 123, 134, 144, 157, 162, 166, 169]
[20, 27, 30, 41, 61, 64, 70, 73, 75, 81, 87, 92, 100, 106, 116, 124, 132, 138, 149, 152, 163, 168, 173]
[34, 39, 46, 51, 54, 58, 74, 84, 94, 107, 115, 119, 121, 127, 130, 134, 141, 143, 145, 147, 159, 162, 172, 175, 177, 179, 182, 185, 187, 190, 193, 195, 197, 200, 204, 208, 210, 212, 214, 216, 218, 221, 223, 226, 228, 230, 233, 235, 238, 240, 243, 245, 249, 251, 253]
[4, 23, 27, 41, 69, 77, 88, 91, 93, 97, 102, 104, 108, 112, 123, 126, 132, 138, 155, 157, 166, 168]
[34, 72, 116, 148]
[35, 49, 54, 57, 62, 69, 81, 88, 90, 96, 100, 115, 119, 136, 161, 166, 177, 180, 187]
[3, 9, 15, 20, 22, 33, 46, 58, 64, 66, 70, 86, 93, 145, 154, 181, 185, 189, 191, 193, 195, 197, 201, 204, 207, 210, 212, 214, 216, 220, 222, 228, 230, 233, 235, 237, 239, 242, 244, 247, 249, 252, 254]
[2, 10, 13, 16, 21, 24, 28, 39, 43, 49, 56, 59, 69, 73, 76, 80, 83, 88, 91, 95, 97, 101, 104, 106, 108, 111, 113, 128, 132, 135, 137, 142, 148, 151, 163, 166, 170]
[9, 23, 33, 52, 61, 66, 70, 89, 94, 96, 99, 103, 105, 116, 119, 124, 138, 146, 153, 155, 158, 164, 172]
[4, 10, 14, 26, 30, 35, 38, 40, 46, 57, 60, 63, 68, 74, 78, 80, 95, 97, 110, 112, 115, 135, 140, 150, 160, 162, 168, 187, 189, 192, 194, 196, 201, 203, 205, 208, 211, 215, 218, 220, 222, 224, 227, 229, 231, 234, 236, 238, 240, 242, 244, 247, 249, 251, 254]
[6, 34, 52, 69, 88, 93, 103, 122, 127, 129, 132, 137, 146, 158]
[5, 8, 48, 65, 70, 75, 92, 96, 110, 120, 131, 140, 142, 150, 154, 156, 160, 168, 172, 175, 181, 183, 189, 191, 194, 196, 199, 202, 206, 208, 210, 213, 216, 219, 223, 225, 227, 230, 233, 237, 239, 241, 243, 245, 248, 250, 252, 254]
[6, 11, 23, 47, 60, 63, 69, 83, 90, 98, 107, 111, 126, 139, 145, 147, 162, 166]
[9, 17, 26, 30, 46, 57, 65, 72, 77, 79, 87, 101, 113, 119, 131, 136, 146, 152, 168, 171, 176, 178, 180, 182, 185, 188, 190, 192, 195, 198, 200, 204, 208, 212, 214, 216, 218, 220, 227, 229, 231, 233, 237, 239, 241, 244, 246, 248, 251]
[5, 8, 35, 52, 63, 69, 75, 80, 92, 99, 115, 121, 124, 127, 135, 151, 157, 160, 172, 174]
[4, 9, 17, 23, 26, 57, 60, 103, 107, 111, 118, 131, 144, 146, 149, 162, 173]
[5, 30, 34, 40, 43, 63, 65, 81, 92, 120, 138]
[17, 28, 46, 57, 64, 69, 74, 77, 83, 88, 91, 95, 99, 104, 108, 111, 113, 119, 121, 126, 131, 133, 137, 143, 146, 148, 150, 152, 154, 159, 163, 166, 169, 172, 174, 176, 179, 182, 184, 189, 193, 195, 197, 199, 201, 203, 205, 207, 209, 213, 216, 219, 222, 227, 230, 232, 234, 238, 240, 242, 246, 248, 251, 253]
[5, 9, 26, 29, 40, 61, 63, 81, 84, 89, 100, 102, 109, 114, 116, 123, 132, 135, 138, 144, 161, 173]
[12, 23, 28, 35, 74, 92, 99, 108, 112, 127, 133, 141, 145, 149, 151, 154]
[26, 29, 38, 43, 46, 49, 52, 57, 65, 72, 80, 82, 84, 88, 91, 96, 101, 103, 105, 107, 110, 116, 118, 120, 122, 125, 128, 134, 136, 140, 142, 144, 146, 150, 153, 156, 158, 160, 162, 165, 169, 172, 174, 178, 180, 187, 189, 192, 196, 200, 202, 204, 207, 209, 212, 214, 216, 219, 224, 226, 228, 230, 232, 235, 237, 239, 242, 244, 246, 250, 253]
[5, 23, 40, 64, 69, 115]
[9, 26, 43, 60, 74, 77, 86, 92, 101, 104, 110, 114, 120, 126, 131, 134, 138, 148, 151, 157, 161, 165, 168, 170, 176, 179, 183, 185, 187, 189, 192, 195, 199, 202, 205, 209, 213, 215, 218, 220, 222, 225, 227, 229, 231, 235, 241, 243, 246, 249, 252]
[5, 29, 35, 65, 81, 103, 132, 154]
[17, 26, 40, 47, 56, 73, 75, 85, 87, 96, 98, 100, 107, 110, 112, 116, 118, 123, 126, 131, 134, 137, 142, 150, 153, 155, 159, 162, 166, 168, 170, 172, 174, 179, 181, 184, 186, 188, 191, 193, 195, 197, 199, 202, 206, 209, 212, 214, 218, 222, 224, 228, 230, 232, 236, 238, 242, 245, 247, 249, 253]
[5, 9, 11, 29, 61, 69, 92, 95, 102, 104, 119, 121, 124, 130, 146, 149, 160]
[12, 17, 26, 39, 46, 52, 57, 64, 72, 74, 76, 91, 93, 96, 99, 107, 110, 113, 120, 122, 126, 132, 136, 139, 142, 144, 151, 154, 158, 161, 167, 169, 171, 173, 175, 177, 180, 182, 187, 189, 191, 194, 197, 200, 202, 205, 208, 211, 213, 216, 219, 221, 223, 225, 227, 229, 231, 234, 237, 240, 242, 245, 248, 252, 254]
[5, 8, 23, 29, 35, 65, 80, 86, 89, 92, 103, 108, 111, 115, 123, 125, 127, 135, 138, 150, 153, 155, 166, 168, 174]
[]
[3, 6, 19, 21, 24, 28, 30, 38, 40, 44, 48, 53, 56, 58, 68, 78, 88, 92, 110, 115, 118, 122, 127, 131, 133, 136, 139, 141, 148, 153, 156, 160, 165, 169]
[2, 13, 17, 20, 22, 36, 47, 63, 66, 69, 73, 80, 83, 95, 102, 104, 106, 114, 116, 120, 143, 146, 150, 154, 162, 172, 179, 185, 187, 191, 197, 200, 203, 205, 207, 210, 212, 215, 217, 220, 222, 224, 226, 229, 231, 233, 235, 237, 240, 242, 246, 248, 250, 253]
[10, 24, 28, 31, 33, 49, 57, 60, 76, 82, 85, 90, 93, 97, 101, 110, 113, 123, 129, 131, 137, 141, 147, 153, 158, 166, 178]
[2, 17, 38, 43, 45, 48, 51, 55, 59, 64, 68, 71, 74, 77, 102, 118, 121, 127, 142, 152, 156, 161, 163]
[3, 12, 21, 24, 29, 46, 57, 61, 66, 72, 80, 87, 91, 97, 101, 105, 108, 115, 125, 137, 146, 154, 162, 166, 170, 172]
[2, 11, 27, 35, 38, 56, 74, 78, 81, 84, 90, 92, 103, 116, 119, 121, 123, 129, 131, 134, 140, 142, 149, 151, 159, 164, 167, 171, 173, 190, 194, 198, 201, 204, 207, 209, 212, 215, 218, 220, 222, 226, 230, 233, 235, 238, 240, 242, 244, 246, 248, 250, 252]
[3, 7, 13, 17, 22, 28, 32, 36, 39, 42, 47, 50, 53, 60, 64, 73, 83, 91, 94, 104, 108, 113, 117, 120, 124, 126, 146, 148, 156, 158, 160, 170, 234, 241, 243, 247]
[10, 21, 25, 49, 51, 54, 61, 71, 77, 85, 88, 95, 97, 102, 109, 114, 130, 133, 135, 138, 142, 150, 153, 166, 169]
[4, 22, 24, 35, 45, 55, 59, 62, 65, 76, 79, 87, 89, 91, 99, 103, 110, 113, 122, 147, 152, 159, 167, 171, 173, 187, 193, 198, 200, 203, 209, 211, 216, 218, 220, 222, 225, 227, 229, 233, 236, 238, 240, 243, 245, 247, 251, 254]
[6, 26, 41, 43, 51, 53, 60, 70, 83, 90, 94, 96, 98, 101, 107, 114, 116, 121, 125, 129, 132, 135, 137, 140, 156, 161]
[18, 23, 25, 28, 31, 38, 48, 55, 57, 71, 73, 87, 105, 112, 118, 123, 136, 141, 150, 158, 163, 169, 173, 200, 204, 206, 210, 212, 214, 217, 219, 221, 223, 225, 227, 229, 232, 234, 236, 239, 242, 244, 247, 249, 251, 253]
[4, 6, 12, 33, 41, 46, 50, 67, 75, 77, 89, 93, 101, 115, 126, 128, 155, 159, 172, 177]
[8, 17, 23, 28, 34, 40, 51, 56, 63, 70, 72, 78, 83, 88, 98, 105, 121, 130, 136, 143, 146, 148, 160, 163, 165, 173]
[3, 25, 41, 47, 50, 54, 58, 61, 65, 76, 90, 95, 106, 111, 113, 116, 118, 123, 127, 129, 153, 156, 158, 169, 182, 185, 189, 192, 194, 196, 198, 200, 203, 205, 207, 209, 211, 213, 215, 217, 220, 222, 225, 227, 229, 232, 235, 238, 243, 245, 247, 249, 251]
[6, 10, 12, 17, 23, 30, 35, 46, 60, 68, 83, 89, 101, 104, 124, 132, 145, 155, 161, 164, 171, 173]
[51, 53, 58, 63, 75, 80, 84, 90, 96, 99, 102, 106, 111, 115, 138, 149, 159, 162, 168, 172, 177, 179, 181, 183, 185, 189, 191, 193, 195, 199, 202, 206, 208, 210, 214, 217, 220, 222, 224, 226, 228, 231, 234, 236, 238, 240, 243, 245, 248, 250, 254]
[3, 11, 14, 18, 27, 38, 42, 46, 52, 57, 69, 72, 88, 104, 117, 125, 128, 135, 142, 145, 157]
[6, 17, 23, 35, 43, 59, 67, 74, 80, 87, 90, 99, 119, 122, 124, 134, 146, 152, 154, 160, 170]
[18, 30, 51, 63, 71, 76, 81, 97, 101, 107, 112, 121, 125, 130, 138, 140, 142, 164, 173]
[5, 17, 20, 29, 34, 39, 42, 54, 58, 66, 73, 80, 84, 87, 92, 110, 114, 116, 132, 135, 145, 151, 157, 169, 171, 179, 181, 183, 186, 188, 191, 194, 196, 199, 203, 205, 208, 211, 213, 215, 217, 219, 221, 223, 225, 227, 229, 232, 234, 237, 239, 241, 243, 246, 249, 252]
[19, 27, 32, 46, 52, 67, 77, 104, 106, 115, 121, 124, 128, 130, 141, 144, 148, 150, 155, 161]
[6, 30, 39, 57, 63, 69, 74, 82, 85, 89, 105, 152, 156, 158, 165]
[11, 167]
[2, 5, 15, 28, 32, 35, 39, 42, 46, 53, 56, 63, 68, 74, 78, 81, 84, 89, 93, 100, 107, 113, 117, 124, 126, 130, 132, 137, 141, 145, 149, 152, 162, 172, 181, 184, 190, 192, 196, 198, 202, 204, 206, 209, 212, 214, 216, 219, 221, 224, 228, 231, 235, 238, 240, 242, 244, 246, 250, 252, 254]
[17, 38, 60, 66, 71, 77, 86, 97, 104, 122, 129, 131, 135, 138, 143, 156, 158, 161, 169]
[20, 27, 34, 39, 42, 51, 53, 58, 62, 69, 82, 85, 92, 98, 102, 108, 111, 114, 117, 119, 124, 149, 154, 164, 177, 179, 182, 186, 191, 194, 196, 199, 202, 205, 207, 210, 212, 214, 216, 220, 222, 226, 228, 232, 234, 236, 238, 242, 244, 246, 248, 251, 253]
[4, 17, 23, 31, 44, 46, 70, 75, 83, 87, 129, 136, 140, 151, 155, 162, 168, 171]
[8, 27, 34, 39, 45, 50, 58, 69, 81, 86, 90, 102, 118, 127, 130, 134, 142, 144, 148, 154, 157, 163, 165, 178, 181, 183, 185, 187, 191, 193, 196, 198, 200, 202, 204, 206, 210, 213, 216, 218, 221, 223, 225, 227, 230, 233, 236, 240, 242, 244, 246, 248, 251, 254]
[2, 11, 23, 31, 43, 54, 61, 74, 85, 93, 96, 101, 117, 122, 140, 173]
[46, 52, 62, 73, 76, 103, 106, 112, 116, 126, 133, 136, 152, 164, 170]
[2, 8, 27, 30, 35, 83, 89, 91, 99, 108, 113, 121, 127, 132, 139, 143, 154, 161, 167, 172]
[6, 34, 39, 41, 46, 57, 61, 63, 66, 69, 73, 80, 87, 97, 100, 103, 110, 112, 117, 119, 123, 125, 130, 133, 135, 141, 148, 156, 158, 165, 179, 183, 185, 188, 190, 194, 198, 200, 203, 207, 210, 212, 214, 216, 219, 222, 226, 228, 231, 234, 237, 240, 242, 244, 247, 249, 251, 253]
[5, 16, 26, 62, 92, 107, 109, 113, 122, 126, 137, 146, 151, 169]
[6, 42, 52, 58, 80, 84, 100, 115, 119, 150, 156, 160, 164, 172, 184, 221, 238]
[7, 19, 23, 35, 44, 51, 54, 69, 77, 99, 103, 129, 142, 147, 154, 167, 176, 179, 181, 183, 185, 188, 190, 193, 195, 198, 200, 203, 205, 207, 210, 213, 216, 218, 220, 224, 226, 229, 231, 233, 235, 237, 240, 242, 244, 247, 249, 253]
[17, 25, 28, 30, 38, 46, 50, 52, 55, 63, 66, 75, 81, 85, 89, 92, 100, 104, 108, 110, 118, 123, 139, 172]
[2, 6, 14, 19, 24, 31, 35, 42, 49, 51, 61, 65, 69, 73, 76, 84, 86, 88, 90, 95, 99, 102, 105, 111, 115, 120, 129, 131, 133, 137, 140, 143, 145, 149, 152, 155, 158, 161, 163, 167, 169, 176, 179, 181, 184, 186, 190, 193, 195, 198, 202, 204, 206, 209, 211, 213, 216, 219, 222, 224, 226, 229, 232, 234, 236, 239, 241, 243, 246, 249, 254]
[5, 12, 28, 53, 58, 70, 80, 96, 103, 107, 110, 113, 116, 121, 126, 135, 138, 141, 147, 154, 156, 159, 162, 164, 172]
[2, 23, 27, 34, 48, 52, 57, 60, 81, 84, 97, 104, 111, 118, 122, 132, 134, 160, 163]
[5, 20, 31, 38, 46, 63, 69, 88, 92, 98, 109, 116, 124, 129, 133, 136, 140, 143, 150, 155, 161, 167, 173]
[11, 17, 27, 35, 50, 80, 96, 108, 115, 117, 127, 138, 154]
[23, 28, 42, 52, 69, 73, 76, 82, 86, 88, 97, 100, 102, 107, 116, 118, 120, 122, 126, 130, 140, 145, 149, 155, 157, 160, 162, 166, 168, 170, 174, 176, 178, 180, 182, 187, 189, 191, 194, 196, 198, 202, 205, 207, 209, 212, 215, 217, 219, 222, 226, 229, 232, 234, 237, 239, 242, 245, 247, 249, 252]
[8, 40, 81, 92, 96, 104, 110, 119, 123, 127, 133, 135, 139, 141, 143, 147, 161, 172]
[46, 58, 69, 103]
[12, 35]
[8, 13, 18, 26, 34, 37, 41, 44, 48, 50, 54, 57, 65, 67, 69, 72, 76, 81, 84, 86, 89, 94, 99, 106, 108, 111, 113, 120, 126, 130, 134, 141, 147, 151, 153, 160, 164, 174, 182, 192, 194, 197, 200, 203, 205, 208, 210, 212, 214, 217, 220, 222, 225, 227, 229, 231, 234, 237, 239, 241, 244, 247, 249, 251, 254]
[2, 11, 19, 23, 30, 35, 40, 61, 63, 83, 92, 98, 103, 119, 121, 129, 131, 138, 145, 155, 166, 168, 173]
[25, 54, 57, 59, 67, 74, 82, 94, 99, 106, 109, 112, 117, 137, 142, 147, 149, 160, 163, 169, 176, 180, 182, 185, 188, 191, 193, 195, 198, 201, 204, 208, 210, 213, 215, 218, 221, 224, 227, 229, 232, 235, 239, 241, 243, 245, 247, 249, 251, 254]
[1, 17, 21, 32, 44, 56, 60, 63, 68, 75, 83, 87, 89, 96, 108, 119, 126, 138, 141, 145, 150, 157, 165]
[4, 8, 12, 30, 34, 38, 47, 58, 74, 78, 82, 86, 91, 95, 117, 122, 130, 142, 147, 156, 162, 167, 172]
[5, 7, 9, 14, 16, 18, 20, 23, 26, 28, 37, 40, 55, 57, 61, 63, 72, 79, 88, 94, 102, 109, 115, 120, 127, 132, 135, 139, 143, 149, 152, 155, 157, 160, 163, 171, 173, 177, 181, 183, 185, 188, 190, 193, 195, 198, 200, 202, 204, 206, 208, 210, 214, 216, 218, 221, 223, 225, 227, 229, 233, 236, 238, 240, 243, 246, 248, 251]
[4, 8, 11, 15, 17, 31, 38, 42, 46, 50, 75, 78, 81, 95, 103, 106, 108, 111, 114, 123, 125, 131, 141, 150, 156, 161, 166, 169]
[30, 34, 41, 52, 56, 62, 65, 68, 72, 83, 86, 90, 93, 98, 112, 126, 128, 137, 144, 147, 149, 153, 160, 164]
[6, 7, 9, 15, 16, 17, 18, 19, 20, 23, 25, 27, 28, 29, 31, 32, 38, 45, 46, 50, 53, 57, 58, 63, 64, 67, 69, 75, 77, 78, 79, 81, 82, 84, 85, 87, 89, 91, 92, 94, 100, 101, 106, 111, 114, 116, 117, 120, 122, 125, 127, 130, 131, 141, 155, 161, 162, 171, 174, 175, 176, 177, 178, 179, 180, 181, 182, 183, 184, 185, 186, 187, 188, 189, 190, 191, 192, 193, 194, 195, 196, 197, 198, 199, 200, 201, 202, 203, 204, 205, 206, 207, 208, 209, 210, 211, 212, 213, 214, 215, 216, 217, 218, 219, 220, 221, 222, 223, 224, 225, 226, 227, 228, 229, 230, 231, 232, 233, 234, 235, 236, 237, 238, 239, 240, 241, 242, 243, 244, 245, 246, 247, 248, 249, 250, 251, 252, 253, 254, 255]
